Return-Path: <linux-pci-owner@vger.kernel.org>
X-Original-To: lists+linux-pci@lfdr.de
Delivered-To: lists+linux-pci@lfdr.de
Received: from vger.kernel.org (vger.kernel.org [209.132.180.67])
	by mail.lfdr.de (Postfix) with ESMTP id 95242584BB
	for <lists+linux-pci@lfdr.de>; Thu, 27 Jun 2019 16:45:21 +0200 (CEST)
Received: (majordomo@vger.kernel.org) by vger.kernel.org via listexpand
        id S1726681AbfF0OpV (ORCPT <rfc822;lists+linux-pci@lfdr.de>);
        Thu, 27 Jun 2019 10:45:21 -0400
Received: from szxga07-in.huawei.com ([45.249.212.35]:51496 "EHLO huawei.com"
        rhost-flags-OK-OK-OK-FAIL) by vger.kernel.org with ESMTP
        id S1726441AbfF0OpU (ORCPT <rfc822;linux-pci@vger.kernel.org>);
        Thu, 27 Jun 2019 10:45:20 -0400
Received: from DGGEMS409-HUB.china.huawei.com (unknown [172.30.72.60])
        by Forcepoint Email with ESMTP id 736957EFEFCC73F81E99;
        Thu, 27 Jun 2019 22:45:15 +0800 (CST)
Received: from lhrphicprd00229.huawei.com (10.123.41.22) by
 DGGEMS409-HUB.china.huawei.com (10.3.19.209) with Microsoft SMTP Server id
 14.3.439.0; Thu, 27 Jun 2019 22:45:04 +0800
From:   Jonathan Cameron <Jonathan.Cameron@huawei.com>
To:     <linux-pci@vger.kernel.org>,
        =?UTF-8?q?Martin=20Mare=C5=A1?= <mj@ucw.cz>
CC:     <bhelgaas@google.com>,
        Lorenzo Pieralisi <lorenzo.pieralisi@arm.com>,
        <jcm@redhat.com>, <nariman.poushin@linaro.org>,
        <linuxarm@huawei.com>,
        Jonathan Cameron <Jonathan.Cameron@huawei.com>
Subject: [RFC PATCH 2/2] lspci: DVSEC Add an example from the ccix spec.
Date:   Thu, 27 Jun 2019 22:43:55 +0800
Message-ID: <20190627144355.27913-3-Jonathan.Cameron@huawei.com>
X-Mailer: git-send-email 2.20.1
In-Reply-To: <20190627144355.27913-1-Jonathan.Cameron@huawei.com>
References: <20190627144355.27913-1-Jonathan.Cameron@huawei.com>
MIME-Version: 1.0
Content-Transfer-Encoding: 7BIT
Content-Type:   text/plain; charset=US-ASCII
X-Originating-IP: [10.123.41.22]
X-CFilter-Loop: Reflected
Sender: linux-pci-owner@vger.kernel.org
Precedence: bulk
List-ID: <linux-pci.vger.kernel.org>
X-Mailing-List: linux-pci@vger.kernel.org

This example has 3 devices, the switch is not included.
The final device is reporting a large set of errors.

Signed-off-by: Jonathan Cameron <Jonathan.Cameron@huawei.com>
---
 tests/ccix-specex1 | 661 +++++++++++++++++++++++++++++++++++++++++++++
 1 file changed, 661 insertions(+)

diff --git a/tests/ccix-specex1 b/tests/ccix-specex1
new file mode 100644
index 0000000..f650297
--- /dev/null
+++ b/tests/ccix-specex1
@@ -0,0 +1,661 @@
+01:00.0 Class 0700: Device 19ec:0001
+00: ec 19 01 00 07 00 10 00 00 01 00 07 08 00 00 00
+10: 04 00 00 e0 00 00 00 00 04 00 00 e4 00 00 00 00
+20: 0c 00 00 00 00 08 00 00 00 00 00 00 ec 19 07 00
+30: 00 00 00 00 40 00 00 00 00 00 00 00 ff 01 00 00
+40: 01 48 03 00 08 00 00 00 05 60 84 00 00 00 00 00
+50: 00 00 00 00 00 00 00 00 00 00 00 00 00 00 00 00
+60: 11 70 1f 00 02 80 00 00 e2 8f 00 00 00 00 00 00
+70: 10 00 02 00 23 80 00 00 17 29 00 00 83 f0 43 00
+80: 08 00 83 10 00 00 00 00 00 00 00 00 00 00 00 00
+90: 00 00 00 00 16 00 00 00 00 00 00 00 0e 00 00 00
+a0: 03 00 1e 00 00 00 00 00 00 00 00 00 00 00 00 00
+b0: 00 00 00 00 00 00 00 00 00 00 00 00 00 00 00 00
+c0: 00 00 00 00 00 00 00 00 00 00 00 00 00 00 00 00
+d0: 00 00 00 00 00 00 00 00 00 00 00 00 00 00 00 00
+e0: 00 00 00 00 00 00 00 00 00 00 00 00 00 00 00 00
+f0: 00 00 00 00 00 00 00 00 00 00 00 00 00 00 00 00
+100: 01 00 01 1c 00 00 00 00 00 00 40 00 30 20 46 00
+110: 00 00 00 00 00 e0 00 00 00 00 00 00 00 00 00 00
+120: 00 00 00 00 00 00 00 00 00 00 00 00 00 00 00 00
+130: 00 00 00 00 00 00 00 00 00 00 00 00 00 00 00 00
+140: 10 00 01 1f 00 00 00 00 00 00 00 00 00 00 00 00
+150: 00 00 00 00 00 00 01 00 00 00 00 00 53 05 00 00
+160: 01 00 00 00 00 00 00 00 00 00 00 00 00 00 00 00
+170: 00 00 00 00 00 00 00 00 00 00 00 00 00 00 00 00
+180: 00 00 00 00 00 00 00 00 00 00 00 00 00 00 00 00
+190: 00 00 00 00 00 00 00 00 00 00 00 00 00 00 00 00
+1a0: 00 00 00 00 00 00 00 00 00 00 00 00 00 00 00 00
+1b0: 00 00 00 00 00 00 00 00 00 00 00 00 00 00 00 00
+1c0: 19 00 01 1f 00 00 00 00 00 00 00 00 00 00 00 00
+1d0: 00 00 00 00 00 00 00 00 00 00 00 00 00 00 00 00
+1e0: 00 00 00 00 00 00 00 00 00 00 00 00 00 00 00 00
+1f0: 02 00 01 38 01 00 00 00 00 00 00 31 00 00 00 00
+200: 00 00 00 00 7f 00 00 80 00 00 00 00 00 00 00 00
+210: 80 00 00 81 00 00 00 00 00 00 00 00 00 00 00 00
+220: 00 00 00 00 00 00 00 00 00 00 00 00 00 00 00 00
+230: 00 00 00 00 00 00 00 00 00 00 00 00 00 00 00 00
+240: 00 00 00 00 00 00 00 00 00 00 00 00 00 00 00 00
+250: 00 00 00 00 00 00 00 00 00 00 00 00 00 00 00 00
+260: 00 00 00 00 00 00 00 00 00 00 00 00 00 00 00 00
+270: 00 00 00 00 00 00 00 00 00 00 00 00 00 00 00 00
+280: 00 00 00 00 00 00 00 00 00 00 00 00 00 00 00 00
+290: 00 00 00 00 00 00 00 00 00 00 00 00 00 00 00 00
+2a0: 00 00 00 00 00 00 00 00 00 00 00 00 00 00 00 00
+2b0: 00 00 00 00 00 00 00 00 00 00 00 00 00 00 00 00
+2c0: 00 00 00 00 00 00 00 00 00 00 00 00 00 00 00 00
+2d0: 00 00 00 00 00 00 00 00 00 00 00 00 00 00 00 00
+2e0: 00 00 00 00 00 00 00 00 00 00 00 00 00 00 00 00
+2f0: 00 00 00 00 00 00 00 00 00 00 00 00 00 00 00 00
+300: 00 00 00 00 00 00 00 00 00 00 00 00 00 00 00 00
+310: 00 00 00 00 00 00 00 00 00 00 00 00 00 00 00 00
+320: 00 00 00 00 00 00 00 00 00 00 00 00 00 00 00 00
+330: 00 00 00 00 00 00 00 00 00 00 00 00 00 00 00 00
+340: 00 00 00 00 00 00 00 00 00 00 00 00 00 00 00 00
+350: 00 00 00 00 00 00 00 00 00 00 00 00 00 00 00 00
+360: 00 00 00 00 00 00 00 00 00 00 00 00 00 00 00 00
+370: 00 00 00 00 00 00 00 00 00 00 00 00 00 00 00 00
+380: 0f 00 01 60 20 00 00 00 00 00 00 00 00 00 00 00
+390: 00 00 00 00 00 00 00 00 00 00 00 00 00 00 00 00
+3a0: 00 00 00 00 00 00 00 00 00 00 00 00 00 00 00 00
+3b0: 00 00 00 00 00 00 00 00 00 00 00 00 00 00 00 00
+3c0: 00 00 00 00 00 00 00 00 00 00 00 00 00 00 00 00
+3d0: 00 00 00 00 00 00 00 00 00 00 00 00 00 00 00 00
+3e0: 00 00 00 00 00 00 00 00 00 00 00 00 00 00 00 00
+3f0: 00 00 00 00 00 00 00 00 00 00 00 00 00 00 00 00
+400: 00 00 00 00 00 00 00 00 00 00 00 00 00 00 00 00
+410: 00 00 00 00 00 00 00 00 00 00 00 00 00 00 00 00
+420: 00 00 00 00 00 00 00 00 00 00 00 00 00 00 00 00
+430: 00 00 00 00 00 00 00 00 00 00 00 00 00 00 00 00
+440: 00 00 00 00 00 00 00 00 00 00 00 00 00 00 00 00
+450: 00 00 00 00 00 00 00 00 00 00 00 00 00 00 00 00
+460: 00 00 00 00 00 00 00 00 00 00 00 00 00 00 00 00
+470: 00 00 00 00 00 00 00 00 00 00 00 00 00 00 00 00
+480: 00 00 00 00 00 00 00 00 00 00 00 00 00 00 00 00
+490: 00 00 00 00 00 00 00 00 00 00 00 00 00 00 00 00
+4a0: 00 00 00 00 00 00 00 00 00 00 00 00 00 00 00 00
+4b0: 00 00 00 00 00 00 00 00 00 00 00 00 00 00 00 00
+4c0: 00 00 00 00 00 00 00 00 00 00 00 00 00 00 00 00
+4d0: 00 00 00 00 00 00 00 00 00 00 00 00 00 00 00 00
+4e0: 00 00 00 00 00 00 00 00 00 00 00 00 00 00 00 00
+4f0: 00 00 00 00 00 00 00 00 00 00 00 00 00 00 00 00
+500: 00 00 00 00 00 00 00 00 00 00 00 00 00 00 00 00
+510: 00 00 00 00 00 00 00 00 00 00 00 00 00 00 00 00
+520: 00 00 00 00 00 00 00 00 00 00 00 00 00 00 00 00
+530: 00 00 00 00 00 00 00 00 00 00 00 00 00 00 00 00
+540: 00 00 00 00 00 00 00 00 00 00 00 00 00 00 00 00
+550: 00 00 00 00 00 00 00 00 00 00 00 00 00 00 00 00
+560: 00 00 00 00 00 00 00 00 00 00 00 00 00 00 00 00
+570: 00 00 00 00 00 00 00 00 00 00 00 00 00 00 00 00
+580: 00 00 00 00 00 00 00 00 00 00 00 00 00 00 00 00
+590: 00 00 00 00 00 00 00 00 00 00 00 00 00 00 00 00
+5a0: 00 00 00 00 00 00 00 00 00 00 00 00 00 00 00 00
+5b0: 00 00 00 00 00 00 00 00 00 00 00 00 00 00 00 00
+5c0: 00 00 00 00 00 00 00 00 00 00 00 00 00 00 00 00
+5d0: 00 00 00 00 00 00 00 00 00 00 00 00 00 00 00 00
+5e0: 00 00 00 00 00 00 00 00 00 00 00 00 00 00 00 00
+5f0: 00 00 00 00 00 00 00 00 00 00 00 00 00 00 00 00
+600: 23 00 40 64 2c 1e 40 04 01 00 35 05 27 42 00 00
+610: 00 00 00 00 8f 00 00 00 06 8f 54 15 21 32 21 32
+620: 32 21 32 21 21 32 21 32 32 21 32 21 54 65 54 65
+630: 65 54 65 54 54 65 54 65 65 54 65 54 01 01 00 00
+640: 03 00 00 00 23 00 00 00 2c 1e c0 6b 02 00 00 00
+650: 00 01 00 68 00 01 00 80 00 00 00 00 00 00 00 00
+660: 00 00 00 00 00 00 00 00 00 00 00 00 00 00 00 00
+670: 00 00 00 00 00 00 00 00 00 00 00 00 00 00 00 00
+680: 03 00 00 6a 03 00 00 13 01 00 80 70 00 00 00 00
+690: 00 00 00 00 00 00 00 c0 3c 00 00 00 2c 00 00 b0
+6a0: 04 00 40 6b 03 41 00 00 00 00 00 00 00 00 00 00
+6b0: 00 00 00 d8 05 00 00 6d 21 40 00 02 10 40 00 02
+6c0: 10 40 00 02 10 40 00 00 00 00 00 f0 00 00 00 00
+6d0: 06 00 00 00 01 02 01 80 20 00 00 08 29 05 ff ff
+6e0: ff 00 00 00 03 05 ff ff ff 00 00 00 00 00 00 00
+6f0: 01 00 00 00 00 00 00 00 00 00 00 00 00 00 00 00
+700: 00 00 00 00 00 00 00 00 00 00 00 00 00 00 00 00
+710: 00 00 00 00 00 00 00 00 00 00 00 00 00 00 00 00
+720: 00 00 00 00 00 00 00 00 00 00 00 00 00 00 00 00
+730: 00 00 00 00 00 00 00 00 00 00 00 00 00 00 00 00
+740: 00 00 00 00 00 00 00 00 00 00 00 00 00 00 00 00
+750: 00 00 00 00 00 00 00 00 00 00 00 00 00 00 00 00
+760: 00 00 00 00 00 00 00 00 00 00 00 00 00 00 00 00
+770: 00 00 00 00 00 00 00 00 00 00 00 00 00 00 00 00
+780: 00 00 00 00 00 00 00 00 00 00 00 00 00 00 00 00
+790: 00 00 00 00 00 00 00 00 00 00 00 00 00 00 00 00
+7a0: 00 00 00 00 00 00 00 00 00 00 00 00 00 00 00 00
+7b0: 00 00 00 00 00 00 00 00 00 00 00 00 00 00 00 00
+7c0: 00 00 00 00 00 00 00 00 00 00 00 00 00 00 00 00
+7d0: 00 00 00 00 00 00 00 00 00 00 00 00 00 00 00 00
+7e0: 00 00 00 00 00 00 00 00 00 00 00 00 00 00 00 00
+7f0: 00 00 00 00 00 00 00 00 00 00 00 00 00 00 00 00
+800: 03 00 00 82 a3 00 00 01 00 00 00 00 01 00 00 00
+810: 00 00 00 00 00 00 00 00 00 00 00 00 00 00 00 00
+820: 04 00 00 8b 03 21 00 00 00 00 00 00 00 00 00 00
+830: 00 01 00 00 01 80 00 00 00 01 00 00 00 02 00 00
+840: 00 00 00 00 00 00 00 00 00 00 00 00 00 00 00 00
+850: 00 00 00 00 00 00 00 00 00 00 00 00 00 00 00 00
+860: 00 00 00 00 00 00 00 00 00 00 00 00 00 00 00 00
+870: 00 00 00 00 00 00 00 00 00 00 00 00 00 00 00 00
+880: 00 00 00 00 00 00 00 00 00 00 00 00 00 00 00 00
+890: 00 00 00 00 00 00 00 00 00 00 00 00 00 00 00 00
+8a0: 00 00 00 00 00 00 00 00 00 00 00 00 00 00 00 00
+8b0: 05 00 00 96 03 04 00 00 10 40 00 01 08 20 80 00
+8c0: 10 20 00 00 00 00 00 00 00 00 00 00 03 00 00 00
+8d0: 10 40 00 01 08 20 80 00 10 20 00 00 00 00 00 00
+8e0: 00 00 00 00 00 02 00 00 08 02 00 00 00 00 00 00
+8f0: 00 00 00 00 00 00 00 00 00 00 00 00 00 00 00 00
+900: 00 00 00 00 00 00 00 00 00 00 00 00 00 00 00 00
+910: 00 00 00 00 00 00 00 00 00 00 00 00 00 00 00 00
+920: 00 00 00 00 00 00 00 00 00 00 00 00 00 00 00 00
+930: 00 00 00 00 00 00 00 00 00 00 00 00 00 00 00 00
+940: 00 00 00 00 00 00 00 00 00 00 00 00 00 00 00 00
+950: 00 00 00 00 00 00 00 00 00 00 00 00 00 00 00 00
+960: 06 00 00 00 01 02 01 00 04 00 00 00 00 00 00 00
+970: 08 00 00 97 00 00 00 04 00 00 00 00 01 00 00 00
+980: 00 00 00 00 00 00 00 00 00 01 00 00 00 00 00 00
+990: 00 00 00 00 00 00 00 00 00 00 00 00 00 00 00 00
+9a0: 00 00 00 00 00 00 00 00 00 00 00 00 00 00 00 00
+9b0: 00 00 00 00 00 00 00 00 00 00 00 00 00 00 00 00
+9c0: 00 00 00 00 00 00 00 00 00 00 00 00 00 00 00 00
+9d0: 00 00 00 00 00 00 00 00 00 00 00 00 00 00 00 00
+9e0: 00 00 00 00 00 00 00 00 00 00 00 00 00 00 00 00
+9f0: 00 00 00 00 00 00 00 00 00 00 00 00 00 00 00 00
+a00: 00 00 00 00 00 00 00 00 00 00 00 00 00 00 00 00
+a10: 00 00 00 00 00 00 00 00 00 00 00 00 00 00 00 00
+a20: 00 00 00 00 00 00 00 00 00 00 00 00 00 00 00 00
+a30: 00 00 00 00 00 00 00 00 00 00 00 00 00 00 00 00
+a40: 00 00 00 00 00 00 00 00 00 00 00 00 00 00 00 00
+a50: 00 00 00 00 00 00 00 00 00 00 00 00 00 00 00 00
+a60: 00 00 00 00 00 00 00 00 00 00 00 00 00 00 00 00
+a70: 00 00 00 00 00 00 00 00 00 00 00 00 00 00 00 00
+a80: 00 00 00 00 00 00 00 00 00 00 00 00 00 00 00 00
+a90: 00 00 00 00 00 00 00 00 00 00 00 00 00 00 00 00
+aa0: 00 00 00 00 00 00 00 00 00 00 00 00 00 00 00 00
+ab0: 00 00 00 00 00 00 00 00 00 00 00 00 00 00 00 00
+ac0: 00 00 00 00 00 00 00 00 00 00 00 00 00 00 00 00
+ad0: 00 00 00 00 00 00 00 00 00 00 00 00 00 00 00 00
+ae0: 00 00 00 00 00 00 00 00 00 00 00 00 00 00 00 00
+af0: 00 00 00 00 00 00 00 00 00 00 00 00 00 00 00 00
+b00: 03 00 00 00 00 01 00 00 00 00 02 00 00 00 00 00
+b10: 00 00 00 00 00 00 00 00 00 00 00 00 00 00 00 00
+b20: 00 00 00 00 00 00 00 00 00 00 00 00 00 00 00 00
+b30: 00 00 00 00 00 00 00 00 00 00 00 00 00 00 00 00
+b40: 00 00 00 00 00 00 00 00 00 00 00 00 00 00 00 00
+b50: 00 00 00 00 00 00 00 00 00 00 00 00 00 00 00 00
+b60: 00 00 00 00 00 00 00 00 00 00 00 00 00 00 00 00
+b70: 00 00 00 00 00 00 00 00 00 00 00 00 00 00 00 00
+b80: 00 00 00 00 00 00 00 00 00 00 00 00 00 00 00 00
+b90: 00 00 00 00 00 00 00 00 00 00 00 00 00 00 00 00
+ba0: 00 00 00 00 00 00 00 00 00 00 00 00 00 00 00 00
+bb0: 00 00 00 00 00 00 00 00 00 00 00 00 00 00 00 00
+bc0: 00 00 00 00 00 00 00 00 00 00 00 00 00 00 00 00
+bd0: 00 00 00 00 00 00 00 00 00 00 00 00 00 00 00 00
+be0: 00 00 00 00 00 00 00 00 00 00 00 00 00 00 00 00
+bf0: 00 00 00 00 00 00 00 00 00 00 00 00 00 00 00 00
+c00: 11 00 00 00 03 80 00 00 03 00 00 00 00 00 00 00
+c10: 00 00 00 00 00 00 00 00 00 00 00 00 00 00 00 00
+c20: 00 00 00 00 00 00 00 00 00 00 00 00 00 00 00 00
+c30: 00 00 00 00 00 00 00 00 00 00 00 00 00 00 00 00
+c40: 00 00 00 00 00 00 00 00 00 00 00 00 00 00 00 00
+c50: 00 00 00 00 00 00 00 00 00 00 00 00 00 00 00 00
+c60: 00 00 00 00 00 00 00 00 00 00 00 00 00 00 00 00
+c70: 00 00 00 00 00 00 00 00 00 00 00 00 00 00 00 00
+c80: 00 00 00 00 00 00 00 00 00 00 00 00 00 00 00 00
+c90: 00 00 00 00 00 00 00 00 00 00 00 00 00 00 00 00
+ca0: 00 00 00 00 00 00 00 00 00 00 00 00 00 00 00 00
+cb0: 00 00 00 00 00 00 00 00 00 00 00 00 00 00 00 00
+cc0: 00 00 00 00 00 00 00 00 00 00 00 00 00 00 00 00
+cd0: 00 00 00 00 00 00 00 00 00 00 00 00 00 00 00 00
+ce0: 00 00 00 00 00 00 00 00 00 00 00 00 00 00 00 00
+cf0: 00 00 00 00 00 00 00 00 00 00 00 00 00 00 00 00
+d00: 01 f8 00 00 01 00 05 54 00 00 00 00 00 00 00 00
+d10: 00 00 00 00 00 00 00 00 00 00 00 00 00 00 00 00
+d20: 00 00 00 00 00 00 00 00 00 00 00 00 00 00 00 00
+d30: 00 00 00 00 00 00 00 00 00 00 00 00 00 00 00 00
+d40: 00 00 00 00 00 00 00 00 00 00 00 00 00 00 00 00
+d50: 00 00 00 00 00 00 00 00 00 00 00 00 00 00 00 00
+d60: 00 00 00 00 00 00 00 00 00 00 00 00 00 00 00 00
+d70: 00 00 00 00 00 00 00 00 00 00 00 00 00 00 00 00
+
+02:00.0 Class 0700: Device 19ec:0002
+00: ec 19 02 09 07 00 10 00 00 01 00 07 08 00 00 00
+10: 04 00 00 e0 00 00 00 00 04 00 00 e4 00 00 00 00
+20: 0c 00 00 00 00 08 00 00 00 00 00 00 ec 19 07 00
+30: 00 00 00 00 40 00 00 00 00 00 00 00 ff 01 00 00
+40: 01 48 03 00 08 00 00 00 05 60 84 00 00 00 00 00
+50: 00 00 00 00 00 00 00 00 00 00 00 00 00 00 00 00
+60: 11 70 1f 00 02 80 00 00 e2 8f 00 00 00 00 00 00
+70: 10 00 02 00 23 80 00 00 17 29 00 00 83 f0 43 00
+80: 08 00 83 10 00 00 00 00 00 00 00 00 00 00 00 00
+90: 00 00 00 00 16 00 00 00 00 00 00 00 0e 00 00 00
+a0: 03 00 1e 00 00 00 00 00 00 00 00 00 00 00 00 00
+b0: 00 00 00 00 00 00 00 00 00 00 00 00 00 00 00 00
+c0: 00 00 00 00 00 00 00 00 00 00 00 00 00 00 00 00
+d0: 00 00 00 00 00 00 00 00 00 00 00 00 00 00 00 00
+e0: 00 00 00 00 00 00 00 00 00 00 00 00 00 00 00 00
+f0: 00 00 00 00 00 00 00 00 00 00 00 00 00 00 00 00
+100: 01 00 01 1c 00 00 00 00 00 00 40 00 30 20 46 00
+110: 00 00 00 00 00 e0 00 00 00 00 00 00 00 00 00 00
+120: 00 00 00 00 00 00 00 00 00 00 00 00 00 00 00 00
+130: 00 00 00 00 00 00 00 00 00 00 00 00 00 00 00 00
+140: 10 00 01 1f 00 00 00 00 00 00 00 00 00 00 00 00
+150: 00 00 00 00 00 00 01 00 00 00 00 00 53 05 00 00
+160: 01 00 00 00 00 00 00 00 00 00 00 00 00 00 00 00
+170: 00 00 00 00 00 00 00 00 00 00 00 00 00 00 00 00
+180: 00 00 00 00 00 00 00 00 00 00 00 00 00 00 00 00
+190: 00 00 00 00 00 00 00 00 00 00 00 00 00 00 00 00
+1a0: 00 00 00 00 00 00 00 00 00 00 00 00 00 00 00 00
+1b0: 00 00 00 00 00 00 00 00 00 00 00 00 00 00 00 00
+1c0: 19 00 01 1f 00 00 00 00 00 00 00 00 00 00 00 00
+1d0: 00 00 00 00 00 00 00 00 00 00 00 00 00 00 00 00
+1e0: 00 00 00 00 00 00 00 00 00 00 00 00 00 00 00 00
+1f0: 02 00 01 38 01 00 00 00 00 00 00 31 00 00 00 00
+200: 00 00 00 00 7f 00 00 80 00 00 00 00 00 00 00 00
+210: 80 00 00 81 00 00 00 00 00 00 00 00 00 00 00 00
+220: 00 00 00 00 00 00 00 00 00 00 00 00 00 00 00 00
+230: 00 00 00 00 00 00 00 00 00 00 00 00 00 00 00 00
+240: 00 00 00 00 00 00 00 00 00 00 00 00 00 00 00 00
+250: 00 00 00 00 00 00 00 00 00 00 00 00 00 00 00 00
+260: 00 00 00 00 00 00 00 00 00 00 00 00 00 00 00 00
+270: 00 00 00 00 00 00 00 00 00 00 00 00 00 00 00 00
+280: 00 00 00 00 00 00 00 00 00 00 00 00 00 00 00 00
+290: 00 00 00 00 00 00 00 00 00 00 00 00 00 00 00 00
+2a0: 00 00 00 00 00 00 00 00 00 00 00 00 00 00 00 00
+2b0: 00 00 00 00 00 00 00 00 00 00 00 00 00 00 00 00
+2c0: 00 00 00 00 00 00 00 00 00 00 00 00 00 00 00 00
+2d0: 00 00 00 00 00 00 00 00 00 00 00 00 00 00 00 00
+2e0: 00 00 00 00 00 00 00 00 00 00 00 00 00 00 00 00
+2f0: 00 00 00 00 00 00 00 00 00 00 00 00 00 00 00 00
+300: 00 00 00 00 00 00 00 00 00 00 00 00 00 00 00 00
+310: 00 00 00 00 00 00 00 00 00 00 00 00 00 00 00 00
+320: 00 00 00 00 00 00 00 00 00 00 00 00 00 00 00 00
+330: 00 00 00 00 00 00 00 00 00 00 00 00 00 00 00 00
+340: 00 00 00 00 00 00 00 00 00 00 00 00 00 00 00 00
+350: 00 00 00 00 00 00 00 00 00 00 00 00 00 00 00 00
+360: 00 00 00 00 00 00 00 00 00 00 00 00 00 00 00 00
+370: 00 00 00 00 00 00 00 00 00 00 00 00 00 00 00 00
+380: 0f 00 01 60 20 00 00 00 00 00 00 00 00 00 00 00
+390: 00 00 00 00 00 00 00 00 00 00 00 00 00 00 00 00
+3a0: 00 00 00 00 00 00 00 00 00 00 00 00 00 00 00 00
+3b0: 00 00 00 00 00 00 00 00 00 00 00 00 00 00 00 00
+3c0: 00 00 00 00 00 00 00 00 00 00 00 00 00 00 00 00
+3d0: 00 00 00 00 00 00 00 00 00 00 00 00 00 00 00 00
+3e0: 00 00 00 00 00 00 00 00 00 00 00 00 00 00 00 00
+3f0: 00 00 00 00 00 00 00 00 00 00 00 00 00 00 00 00
+400: 00 00 00 00 00 00 00 00 00 00 00 00 00 00 00 00
+410: 00 00 00 00 00 00 00 00 00 00 00 00 00 00 00 00
+420: 00 00 00 00 00 00 00 00 00 00 00 00 00 00 00 00
+430: 00 00 00 00 00 00 00 00 00 00 00 00 00 00 00 00
+440: 00 00 00 00 00 00 00 00 00 00 00 00 00 00 00 00
+450: 00 00 00 00 00 00 00 00 00 00 00 00 00 00 00 00
+460: 00 00 00 00 00 00 00 00 00 00 00 00 00 00 00 00
+470: 00 00 00 00 00 00 00 00 00 00 00 00 00 00 00 00
+480: 00 00 00 00 00 00 00 00 00 00 00 00 00 00 00 00
+490: 00 00 00 00 00 00 00 00 00 00 00 00 00 00 00 00
+4a0: 00 00 00 00 00 00 00 00 00 00 00 00 00 00 00 00
+4b0: 00 00 00 00 00 00 00 00 00 00 00 00 00 00 00 00
+4c0: 00 00 00 00 00 00 00 00 00 00 00 00 00 00 00 00
+4d0: 00 00 00 00 00 00 00 00 00 00 00 00 00 00 00 00
+4e0: 00 00 00 00 00 00 00 00 00 00 00 00 00 00 00 00
+4f0: 00 00 00 00 00 00 00 00 00 00 00 00 00 00 00 00
+500: 00 00 00 00 00 00 00 00 00 00 00 00 00 00 00 00
+510: 00 00 00 00 00 00 00 00 00 00 00 00 00 00 00 00
+520: 00 00 00 00 00 00 00 00 00 00 00 00 00 00 00 00
+530: 00 00 00 00 00 00 00 00 00 00 00 00 00 00 00 00
+540: 00 00 00 00 00 00 00 00 00 00 00 00 00 00 00 00
+550: 00 00 00 00 00 00 00 00 00 00 00 00 00 00 00 00
+560: 00 00 00 00 00 00 00 00 00 00 00 00 00 00 00 00
+570: 00 00 00 00 00 00 00 00 00 00 00 00 00 00 00 00
+580: 00 00 00 00 00 00 00 00 00 00 00 00 00 00 00 00
+590: 00 00 00 00 00 00 00 00 00 00 00 00 00 00 00 00
+5a0: 00 00 00 00 00 00 00 00 00 00 00 00 00 00 00 00
+5b0: 00 00 00 00 00 00 00 00 00 00 00 00 00 00 00 00
+5c0: 00 00 00 00 00 00 00 00 00 00 00 00 00 00 00 00
+5d0: 00 00 00 00 00 00 00 00 00 00 00 00 00 00 00 00
+5e0: 00 00 00 00 00 00 00 00 00 00 00 00 00 00 00 00
+5f0: 00 00 00 00 00 00 00 00 00 00 00 00 00 00 00 00
+600: 23 00 40 64 2c 1e 40 04 01 00 35 05 27 42 00 00
+610: 00 00 00 00 8f 00 00 00 06 8f 54 15 21 32 21 32
+620: 32 21 32 21 21 32 21 32 32 21 32 21 54 65 54 65
+630: 65 54 65 54 54 65 54 65 65 54 65 54 01 01 00 00
+640: 03 00 00 00 23 00 00 00 2c 1e c0 6b 02 00 00 00
+650: 00 01 00 68 00 01 00 80 00 00 00 00 00 00 00 00
+660: 00 00 00 00 00 00 00 00 00 00 00 00 00 00 00 00
+670: 00 00 00 00 00 00 00 00 00 00 00 00 00 00 00 00
+680: 03 00 00 6a 02 00 00 02 01 00 80 70 00 00 00 00
+690: 00 00 00 00 00 00 00 c0 3c 00 00 00 00 00 00 00
+6a0: 04 00 40 6b 83 00 00 00 00 00 00 00 00 00 00 00
+6b0: 00 00 00 d8 05 00 00 6d 21 40 00 02 10 40 00 02
+6c0: 10 40 00 02 10 40 00 00 00 00 00 f0 00 00 00 00
+6d0: 0a 00 00 00 11 00 01 80 20 00 00 08 03 05 ff ff
+6e0: ff 00 00 00 00 00 00 00 00 00 00 00 00 00 00 00
+6f0: 00 00 00 00 00 00 00 00 00 00 00 00 00 00 00 00
+700: 00 00 00 00 00 00 00 00 00 00 00 00 00 00 00 00
+710: 00 00 00 00 00 00 00 00 00 00 00 00 00 00 00 00
+720: 00 00 00 00 00 00 00 00 00 00 00 00 00 00 00 00
+730: 00 00 00 00 00 00 00 00 00 00 00 00 00 00 00 00
+740: 00 00 00 00 00 00 00 00 00 00 00 00 00 00 00 00
+750: 00 00 00 00 00 00 00 00 00 00 00 00 00 00 00 00
+760: 00 00 00 00 00 00 00 00 00 00 00 00 00 00 00 00
+770: 00 00 00 00 00 00 00 00 00 00 00 00 00 00 00 00
+780: 00 00 00 00 00 00 00 00 00 00 00 00 00 00 00 00
+790: 00 00 00 00 00 00 00 00 00 00 00 00 00 00 00 00
+7a0: 00 00 00 00 00 00 00 00 00 00 00 00 00 00 00 00
+7b0: 00 00 00 00 00 00 00 00 00 00 00 00 00 00 00 00
+7c0: 00 00 00 00 00 00 00 00 00 00 00 00 00 00 00 00
+7d0: 00 00 00 00 00 00 00 00 00 00 00 00 00 00 00 00
+7e0: 00 00 00 00 00 00 00 00 00 00 00 00 00 00 00 00
+7f0: 00 00 00 00 00 00 00 00 00 00 00 00 00 00 00 00
+800: 03 00 00 82 a3 00 00 02 00 00 00 00 01 00 00 00
+810: 00 00 00 00 00 00 00 00 00 00 00 00 00 00 00 00
+820: 04 00 00 8b 83 10 00 00 00 00 00 00 00 00 00 00
+830: 00 02 00 00 00 00 00 00 00 00 00 00 00 00 00 00
+840: 00 00 00 00 00 00 00 00 00 00 00 00 00 00 00 00
+850: 00 00 00 00 00 00 00 00 00 00 00 00 00 00 00 00
+860: 00 00 00 00 00 00 00 00 00 00 00 00 00 00 00 00
+870: 00 00 00 00 00 00 00 00 00 00 00 00 00 00 00 00
+880: 00 00 00 00 00 00 00 00 00 00 00 00 00 00 00 00
+890: 00 00 00 00 00 00 00 00 00 00 00 00 00 00 00 00
+8a0: 00 00 00 00 00 00 00 00 00 00 00 00 00 00 00 00
+8b0: 05 00 00 96 03 04 00 00 10 40 00 01 08 20 80 00
+8c0: 00 00 00 00 00 00 00 00 00 00 00 00 00 01 00 00
+8d0: 00 00 00 00 00 00 00 00 00 00 00 00 00 00 00 00
+8e0: 00 00 00 00 00 00 00 00 00 00 00 00 00 00 00 00
+8f0: 00 00 00 00 00 00 00 00 00 00 00 00 00 00 00 00
+900: 00 00 00 00 00 00 00 00 00 00 00 00 00 00 00 00
+910: 00 00 00 00 00 00 00 00 00 00 00 00 00 00 00 00
+920: 00 00 00 00 00 00 00 00 00 00 00 00 00 00 00 00
+930: 00 00 00 00 00 00 00 00 00 00 00 00 00 00 00 00
+940: 00 00 00 00 00 00 00 00 00 00 00 00 00 00 00 00
+950: 00 00 00 00 00 00 00 00 00 00 00 00 00 00 00 00
+960: 0a 00 00 00 11 00 01 04 04 00 00 00 00 00 00 00
+970: 01 00 00 00 00 01 00 00 00 00 00 00 00 00 00 00
+980: 00 00 00 00 00 00 00 00 00 00 00 00 00 00 00 00
+990: 00 00 00 00 00 00 00 00 00 00 00 00 00 00 00 00
+9a0: 00 00 00 00 00 00 00 00 00 00 00 00 00 00 00 00
+9b0: 00 00 00 00 00 00 00 00 00 00 00 00 00 00 00 00
+9c0: 00 00 00 00 00 00 00 00 00 00 00 00 00 00 00 00
+9d0: 00 00 00 00 00 00 00 00 00 00 00 00 00 00 00 00
+9e0: 00 00 00 00 00 00 00 00 00 00 00 00 00 00 00 00
+9f0: 00 00 00 00 00 00 00 00 00 00 00 00 00 00 00 00
+a00: 00 00 00 00 00 00 00 00 00 00 00 00 00 00 00 00
+a10: 00 00 00 00 00 00 00 00 00 00 00 00 00 00 00 00
+a20: 00 00 00 00 00 00 00 00 00 00 00 00 00 00 00 00
+a30: 00 00 00 00 00 00 00 00 00 00 00 00 00 00 00 00
+a40: 00 00 00 00 00 00 00 00 00 00 00 00 00 00 00 00
+a50: 00 00 00 00 00 00 00 00 00 00 00 00 00 00 00 00
+a60: 00 00 00 00 00 00 00 00 00 00 00 00 00 00 00 00
+a70: 00 00 00 00 00 00 00 00 00 00 00 00 00 00 00 00
+a80: 00 00 00 00 00 00 00 00 00 00 00 00 00 00 00 00
+a90: 00 00 00 00 00 00 00 00 00 00 00 00 00 00 00 00
+aa0: 00 00 00 00 00 00 00 00 00 00 00 00 00 00 00 00
+ab0: 00 00 00 00 00 00 00 00 00 00 00 00 00 00 00 00
+ac0: 00 00 00 00 00 00 00 00 00 00 00 00 00 00 00 00
+ad0: 00 00 00 00 00 00 00 00 00 00 00 00 00 00 00 00
+ae0: 00 00 00 00 00 00 00 00 00 00 00 00 00 00 00 00
+af0: 00 00 00 00 00 00 00 00 00 00 00 00 00 00 00 00
+b00: 00 00 00 00 00 00 00 00 00 00 00 00 00 00 00 00
+b10: 00 00 00 00 00 00 00 00 00 00 00 00 00 00 00 00
+b20: 00 00 00 00 00 00 00 00 00 00 00 00 00 00 00 00
+b30: 00 00 00 00 00 00 00 00 00 00 00 00 00 00 00 00
+b40: 00 00 00 00 00 00 00 00 00 00 00 00 00 00 00 00
+b50: 00 00 00 00 00 00 00 00 00 00 00 00 00 00 00 00
+b60: 00 00 00 00 00 00 00 00 00 00 00 00 00 00 00 00
+b70: 00 00 00 00 00 00 00 00 00 00 00 00 00 00 00 00
+b80: 00 00 00 00 00 00 00 00 00 00 00 00 00 00 00 00
+b90: 00 00 00 00 00 00 00 00 00 00 00 00 00 00 00 00
+ba0: 00 00 00 00 00 00 00 00 00 00 00 00 00 00 00 00
+bb0: 00 00 00 00 00 00 00 00 00 00 00 00 00 00 00 00
+bc0: 00 00 00 00 00 00 00 00 00 00 00 00 00 00 00 00
+bd0: 00 00 00 00 00 00 00 00 00 00 00 00 00 00 00 00
+be0: 00 00 00 00 00 00 00 00 00 00 00 00 00 00 00 00
+bf0: 00 00 00 00 00 00 00 00 00 00 00 00 00 00 00 00
+c00: 03 00 00 00 11 80 00 00 00 00 00 00 00 00 00 00
+c10: 00 00 00 00 00 00 00 00 00 00 00 00 00 00 00 00
+c20: 00 00 00 00 00 00 00 00 00 00 00 00 00 00 00 00
+c30: 00 00 00 00 00 00 00 00 00 00 00 00 00 00 00 00
+c40: 00 00 00 00 00 00 00 00 00 00 00 00 00 00 00 00
+c50: 00 00 00 00 00 00 00 00 00 00 00 00 00 00 00 00
+c60: 00 00 00 00 00 00 00 00 00 00 00 00 00 00 00 00
+c70: 00 00 00 00 00 00 00 00 00 00 00 00 00 00 00 00
+c80: 00 00 00 00 00 00 00 00 00 00 00 00 00 00 00 00
+c90: 00 00 00 00 00 00 00 00 00 00 00 00 00 00 00 00
+ca0: 00 00 00 00 00 00 00 00 00 00 00 00 00 00 00 00
+cb0: 00 00 00 00 00 00 00 00 00 00 00 00 00 00 00 00
+cc0: 00 00 00 00 00 00 00 00 00 00 00 00 00 00 00 00
+cd0: 00 00 00 00 00 00 00 00 00 00 00 00 00 00 00 00
+ce0: 00 00 00 00 00 00 00 00 00 00 00 00 00 00 00 00
+cf0: 00 00 00 00 00 00 00 00 00 00 00 00 00 00 00 00
+d00: 01 f8 00 00 01 00 05 54 00 00 00 00 00 00 00 00
+d10: 00 00 00 00 00 00 00 00 00 00 00 00 00 00 00 00
+d20: 00 00 00 00 00 00 00 00 00 00 00 00 00 00 00 00
+d30: 00 00 00 00 00 00 00 00 00 00 00 00 00 00 00 00
+d40: 00 00 00 00 00 00 00 00 00 00 00 00 00 00 00 00
+d50: 00 00 00 00 00 00 00 00 00 00 00 00 00 00 00 00
+d60: 00 00 00 00 00 00 00 00 00 00 00 00 00 00 00 00
+d70: 00 00 00 00 00 00 00 00 00 00 00 00 00 00 00 00
+
+03:00.0 Class 0700: Device 19ec:0003
+00: ec 19 03 00 07 00 10 00 00 01 00 07 08 00 00 00
+10: 04 00 00 e0 00 00 00 00 04 00 00 e4 00 00 00 00
+20: 0c 00 00 00 00 08 00 00 00 00 00 00 ec 19 07 00
+30: 00 00 00 00 40 00 00 00 00 00 00 00 ff 01 00 00
+40: 01 48 03 00 08 00 00 00 05 60 84 00 00 00 00 00
+50: 00 00 00 00 00 00 00 00 00 00 00 00 00 00 00 00
+60: 11 70 1f 00 03 00 00 00 e2 8f 00 00 00 00 00 00
+70: 10 00 02 00 23 80 00 00 17 29 00 00 83 f0 43 00
+80: 08 00 83 10 00 00 00 00 00 00 00 00 00 00 00 00
+90: 00 00 00 00 16 00 00 00 00 00 00 00 0e 00 00 00
+a0: 03 00 1e 00 00 00 00 00 00 00 00 00 00 00 00 00
+b0: 00 00 00 00 00 00 00 00 00 00 00 00 00 00 00 00
+c0: 00 00 00 00 00 00 00 00 00 00 00 00 00 00 00 00
+d0: 00 00 00 00 00 00 00 00 00 00 00 00 00 00 00 00
+e0: 00 00 00 00 00 00 00 00 00 00 00 00 00 00 00 00
+f0: 00 00 00 00 00 00 00 00 00 00 00 00 00 00 00 00
+100: 01 00 01 1c 00 00 00 00 00 00 40 00 30 20 46 00
+110: 00 00 00 00 00 e0 00 00 00 00 00 00 00 00 00 00
+120: 00 00 00 00 00 00 00 00 00 00 00 00 00 00 00 00
+130: 00 00 00 00 00 00 00 00 00 00 00 00 00 00 00 00
+140: 10 00 01 1f 00 00 00 00 00 00 00 00 00 00 00 00
+150: 00 00 00 00 00 00 01 00 00 00 00 00 53 05 00 00
+160: 01 00 00 00 00 00 00 00 00 00 00 00 00 00 00 00
+170: 00 00 00 00 00 00 00 00 00 00 00 00 00 00 00 00
+180: 00 00 00 00 00 00 00 00 00 00 00 00 00 00 00 00
+190: 00 00 00 00 00 00 00 00 00 00 00 00 00 00 00 00
+1a0: 00 00 00 00 00 00 00 00 00 00 00 00 00 00 00 00
+1b0: 00 00 00 00 00 00 00 00 00 00 00 00 00 00 00 00
+1c0: 19 00 01 1f 00 00 00 00 00 00 00 00 00 00 00 00
+1d0: 00 00 00 00 00 00 00 00 00 00 00 00 00 00 00 00
+1e0: 00 00 00 00 00 00 00 00 00 00 00 00 00 00 00 00
+1f0: 02 00 01 38 01 00 00 00 00 00 00 31 00 00 00 00
+200: 00 00 00 00 7f 00 00 80 00 00 00 00 00 00 00 00
+210: 80 00 00 81 00 00 00 00 00 00 00 00 00 00 00 00
+220: 00 00 00 00 00 00 00 00 00 00 00 00 00 00 00 00
+230: 00 00 00 00 00 00 00 00 00 00 00 00 00 00 00 00
+240: 00 00 00 00 00 00 00 00 00 00 00 00 00 00 00 00
+250: 00 00 00 00 00 00 00 00 00 00 00 00 00 00 00 00
+260: 00 00 00 00 00 00 00 00 00 00 00 00 00 00 00 00
+270: 00 00 00 00 00 00 00 00 00 00 00 00 00 00 00 00
+280: 00 00 00 00 00 00 00 00 00 00 00 00 00 00 00 00
+290: 00 00 00 00 00 00 00 00 00 00 00 00 00 00 00 00
+2a0: 00 00 00 00 00 00 00 00 00 00 00 00 00 00 00 00
+2b0: 00 00 00 00 00 00 00 00 00 00 00 00 00 00 00 00
+2c0: 00 00 00 00 00 00 00 00 00 00 00 00 00 00 00 00
+2d0: 00 00 00 00 00 00 00 00 00 00 00 00 00 00 00 00
+2e0: 00 00 00 00 00 00 00 00 00 00 00 00 00 00 00 00
+2f0: 00 00 00 00 00 00 00 00 00 00 00 00 00 00 00 00
+300: 00 00 00 00 00 00 00 00 00 00 00 00 00 00 00 00
+310: 00 00 00 00 00 00 00 00 00 00 00 00 00 00 00 00
+320: 00 00 00 00 00 00 00 00 00 00 00 00 00 00 00 00
+330: 00 00 00 00 00 00 00 00 00 00 00 00 00 00 00 00
+340: 00 00 00 00 00 00 00 00 00 00 00 00 00 00 00 00
+350: 00 00 00 00 00 00 00 00 00 00 00 00 00 00 00 00
+360: 00 00 00 00 00 00 00 00 00 00 00 00 00 00 00 00
+370: 00 00 00 00 00 00 00 00 00 00 00 00 00 00 00 00
+380: 0f 00 01 60 20 00 00 00 00 00 00 00 00 00 00 00
+390: 00 00 00 00 00 00 00 00 00 00 00 00 00 00 00 00
+3a0: 00 00 00 00 00 00 00 00 00 00 00 00 00 00 00 00
+3b0: 00 00 00 00 00 00 00 00 00 00 00 00 00 00 00 00
+3c0: 00 00 00 00 00 00 00 00 00 00 00 00 00 00 00 00
+3d0: 00 00 00 00 00 00 00 00 00 00 00 00 00 00 00 00
+3e0: 00 00 00 00 00 00 00 00 00 00 00 00 00 00 00 00
+3f0: 00 00 00 00 00 00 00 00 00 00 00 00 00 00 00 00
+400: 00 00 00 00 00 00 00 00 00 00 00 00 00 00 00 00
+410: 00 00 00 00 00 00 00 00 00 00 00 00 00 00 00 00
+420: 00 00 00 00 00 00 00 00 00 00 00 00 00 00 00 00
+430: 00 00 00 00 00 00 00 00 00 00 00 00 00 00 00 00
+440: 00 00 00 00 00 00 00 00 00 00 00 00 00 00 00 00
+450: 00 00 00 00 00 00 00 00 00 00 00 00 00 00 00 00
+460: 00 00 00 00 00 00 00 00 00 00 00 00 00 00 00 00
+470: 00 00 00 00 00 00 00 00 00 00 00 00 00 00 00 00
+480: 00 00 00 00 00 00 00 00 00 00 00 00 00 00 00 00
+490: 00 00 00 00 00 00 00 00 00 00 00 00 00 00 00 00
+4a0: 00 00 00 00 00 00 00 00 00 00 00 00 00 00 00 00
+4b0: 00 00 00 00 00 00 00 00 00 00 00 00 00 00 00 00
+4c0: 00 00 00 00 00 00 00 00 00 00 00 00 00 00 00 00
+4d0: 00 00 00 00 00 00 00 00 00 00 00 00 00 00 00 00
+4e0: 00 00 00 00 00 00 00 00 00 00 00 00 00 00 00 00
+4f0: 00 00 00 00 00 00 00 00 00 00 00 00 00 00 00 00
+500: 00 00 00 00 00 00 00 00 00 00 00 00 00 00 00 00
+510: 00 00 00 00 00 00 00 00 00 00 00 00 00 00 00 00
+520: 00 00 00 00 00 00 00 00 00 00 00 00 00 00 00 00
+530: 00 00 00 00 00 00 00 00 00 00 00 00 00 00 00 00
+540: 00 00 00 00 00 00 00 00 00 00 00 00 00 00 00 00
+550: 00 00 00 00 00 00 00 00 00 00 00 00 00 00 00 00
+560: 00 00 00 00 00 00 00 00 00 00 00 00 00 00 00 00
+570: 00 00 00 00 00 00 00 00 00 00 00 00 00 00 00 00
+580: 00 00 00 00 00 00 00 00 00 00 00 00 00 00 00 00
+590: 00 00 00 00 00 00 00 00 00 00 00 00 00 00 00 00
+5a0: 00 00 00 00 00 00 00 00 00 00 00 00 00 00 00 00
+5b0: 00 00 00 00 00 00 00 00 00 00 00 00 00 00 00 00
+5c0: 00 00 00 00 00 00 00 00 00 00 00 00 00 00 00 00
+5d0: 00 00 00 00 00 00 00 00 00 00 00 00 00 00 00 00
+5e0: 00 00 00 00 00 00 00 00 00 00 00 00 00 00 00 00
+5f0: 00 00 00 00 00 00 00 00 00 00 00 00 00 00 00 00
+600: 23 00 40 64 2c 1e 40 04 01 00 35 05 27 42 00 00
+610: 00 00 00 00 8f 00 00 00 06 8f 54 15 21 32 21 32
+620: 32 21 32 21 21 32 21 32 32 21 32 21 54 65 54 65
+630: 65 54 65 54 54 65 54 65 65 54 65 54 01 01 00 00
+640: 03 00 00 00 23 00 00 00 2c 1e c0 7b 02 00 00 00
+650: 00 01 00 68 00 01 00 80 00 00 00 00 00 00 00 00
+660: 00 00 00 00 00 00 00 00 00 00 00 00 00 00 00 00
+670: 00 00 00 00 00 00 00 00 00 00 00 00 00 00 00 00
+680: 03 00 00 6a 02 00 00 03 01 00 80 70 00 00 00 00
+690: 00 00 00 d0 00 00 00 c0 3c 00 00 b0 00 00 00 00
+6a0: 04 00 40 6b 83 00 00 00 00 00 00 00 00 00 00 00
+6b0: 00 00 00 da 05 00 00 6d 21 40 00 02 10 40 00 02
+6c0: 10 40 00 02 10 40 00 00 00 00 00 d8 00 00 00 00
+6d0: 08 00 00 00 01 00 00 00 00 00 00 d4 00 00 00 00
+6e0: 00 00 00 00 00 00 00 00 00 00 00 00 00 00 00 00
+6f0: 00 00 00 00 00 00 00 00 00 00 00 00 00 00 00 00
+700: 00 00 00 00 00 00 00 00 00 00 00 00 00 00 00 00
+710: 00 00 00 00 00 00 00 00 00 00 00 00 00 00 00 00
+720: 00 00 00 00 00 00 00 00 00 00 00 00 00 00 00 00
+730: 00 00 00 00 00 00 00 00 00 00 00 00 00 00 00 00
+740: 00 00 00 00 00 00 00 00 00 00 00 00 00 00 00 00
+750: 00 00 00 00 00 00 00 00 00 00 00 00 00 00 00 00
+760: 00 00 00 00 00 00 00 00 00 00 00 00 00 00 00 00
+770: 00 00 00 00 00 00 00 00 00 00 00 00 00 00 00 00
+780: 00 00 00 00 00 00 00 00 00 00 00 00 00 00 00 00
+790: 00 00 00 00 00 00 00 00 00 00 00 00 00 00 00 00
+7a0: 00 00 00 00 00 00 00 00 00 00 00 00 00 00 00 00
+7b0: 00 00 00 00 00 00 00 00 00 00 00 00 00 00 00 00
+7c0: 00 00 00 00 00 00 00 00 00 00 00 00 00 00 00 00
+7d0: 00 00 00 00 00 00 00 00 00 00 00 00 00 00 00 00
+7e0: 00 00 00 00 00 00 00 00 00 00 00 00 00 00 00 00
+7f0: 00 00 00 00 00 00 00 00 00 00 00 00 00 00 00 00
+800: 03 00 00 82 63 00 00 02 00 00 00 00 01 00 00 00
+810: 00 00 00 00 00 00 00 00 00 00 00 00 00 00 00 00
+820: 04 00 00 84 83 10 00 00 01 00 00 00 00 00 00 00
+830: 00 02 00 00 00 00 00 00 00 00 00 00 00 00 00 00
+840: 05 00 00 96 03 00 00 00 10 40 00 01 08 20 80 00
+850: 00 00 00 00 01 00 00 00 01 00 00 00 00 01 00 00
+860: 00 00 00 00 00 00 00 00 00 00 00 00 00 00 00 00
+870: 00 00 00 00 00 00 00 00 00 00 00 00 00 00 00 00
+880: 00 00 00 00 00 00 00 00 00 00 00 00 00 00 00 00
+890: 00 00 00 00 00 00 00 00 00 00 00 00 00 00 00 00
+8a0: 00 00 00 00 00 00 00 00 00 00 00 00 00 00 00 00
+8b0: 00 00 00 00 00 00 00 00 00 00 00 00 00 00 00 00
+8c0: 00 00 00 00 00 00 00 00 00 00 00 00 00 00 00 00
+8d0: 00 00 00 00 00 00 00 00 00 00 00 00 00 00 00 00
+8e0: 00 00 00 00 00 00 00 00 00 00 00 00 00 00 00 00
+8f0: 00 00 00 00 00 00 00 00 00 00 00 00 00 00 00 00
+900: 00 00 00 00 00 00 00 00 00 00 00 00 00 00 00 00
+910: 00 00 00 00 00 00 00 00 00 00 00 00 00 00 00 00
+920: 00 00 00 00 00 00 00 00 00 00 00 00 00 00 00 00
+930: 00 00 00 00 00 00 00 00 00 00 00 00 00 00 00 00
+940: 00 00 00 00 00 00 00 00 00 00 00 00 00 00 00 00
+950: 00 00 00 00 00 00 00 00 00 00 00 00 00 00 00 00
+960: 08 00 00 00 11 00 01 04 01 00 00 00 00 00 00 00
+970: 00 00 00 00 00 00 00 00 00 00 00 00 00 00 00 00
+980: 00 00 00 00 00 00 00 00 00 00 00 00 00 00 00 00
+990: 00 00 00 00 00 00 00 00 00 00 00 00 00 00 00 00
+9a0: 00 00 00 00 00 00 00 00 00 00 00 00 00 00 00 00
+9b0: 00 00 00 00 00 00 00 00 00 00 00 00 00 00 00 00
+9c0: 00 00 00 00 00 00 00 00 00 00 00 00 00 00 00 00
+9d0: 00 00 00 00 00 00 00 00 00 00 00 00 00 00 00 00
+9e0: 00 00 00 00 00 00 00 00 00 00 00 00 00 00 00 00
+9f0: 00 00 00 00 00 00 00 00 00 00 00 00 00 00 00 00
+a00: 00 00 00 00 00 00 00 00 00 00 00 00 00 00 00 00
+a10: 00 00 00 00 00 00 00 00 00 00 00 00 00 00 00 00
+a20: 00 00 00 00 00 00 00 00 00 00 00 00 00 00 00 00
+a30: 00 00 00 00 00 00 00 00 00 00 00 00 00 00 00 00
+a40: 00 00 00 00 00 00 00 00 00 00 00 00 00 00 00 00
+a50: 00 00 00 00 00 00 00 00 00 00 00 00 00 00 00 00
+a60: 00 00 00 00 00 00 00 00 00 00 00 00 00 00 00 00
+a70: 00 00 00 00 00 00 00 00 00 00 00 00 00 00 00 00
+a80: 00 00 00 00 00 00 00 00 00 00 00 00 00 00 00 00
+a90: 00 00 00 00 00 00 00 00 00 00 00 00 00 00 00 00
+aa0: 00 00 00 00 00 00 00 00 00 00 00 00 00 00 00 00
+ab0: 00 00 00 00 00 00 00 00 00 00 00 00 00 00 00 00
+ac0: 00 00 00 00 00 00 00 00 00 00 00 00 00 00 00 00
+ad0: 00 00 00 00 00 00 00 00 00 00 00 00 00 00 00 00
+ae0: 00 00 00 00 00 00 00 00 00 00 00 00 00 00 00 00
+af0: 00 00 00 00 00 00 00 00 00 00 00 00 00 00 00 00
+b00: 03 00 00 00 00 00 00 00 00 00 02 00 00 00 00 00
+b10: 00 00 00 00 00 00 00 00 00 00 00 00 00 00 00 00
+b20: 00 00 00 00 00 00 00 00 00 00 00 00 00 00 00 00
+b30: 00 00 00 00 00 00 00 00 00 00 00 00 00 00 00 00
+b40: 00 00 00 00 00 00 00 00 00 00 00 00 00 00 00 00
+b50: 00 00 00 00 00 00 00 00 00 00 00 00 00 00 00 00
+b60: 00 00 00 00 00 00 00 00 00 00 00 00 00 00 00 00
+b70: 00 00 00 00 00 00 00 00 00 00 00 00 00 00 00 00
+b80: 00 00 00 00 00 00 00 00 00 00 00 00 00 00 00 00
+b90: 00 00 00 00 00 00 00 00 00 00 00 00 00 00 00 00
+ba0: 00 00 00 00 00 00 00 00 00 00 00 00 00 00 00 00
+bb0: 00 00 00 00 00 00 00 00 00 00 00 00 00 00 00 00
+bc0: 00 00 00 00 00 00 00 00 00 00 00 00 00 00 00 00
+bd0: 00 00 00 00 00 00 00 00 00 00 00 00 00 00 00 00
+be0: 00 00 00 00 00 00 00 00 00 00 00 00 00 00 00 00
+bf0: 00 00 00 00 00 00 00 00 00 00 00 00 00 00 00 00
+c00: 03 00 00 00 00 00 00 00 11 80 00 00 00 00 00 00
+c10: 00 00 00 00 00 00 00 00 00 00 00 00 00 00 00 00
+c20: 00 00 00 00 00 00 00 00 00 00 00 00 00 00 00 00
+c30: 00 00 00 00 00 00 00 00 00 00 00 00 00 00 00 00
+c40: 00 00 00 00 00 00 00 00 00 00 00 00 00 00 00 00
+c50: 00 00 00 00 00 00 00 00 00 00 00 00 00 00 00 00
+c60: 00 00 00 00 00 00 00 00 00 00 00 00 00 00 00 00
+c70: 00 00 00 00 00 00 00 00 00 00 00 00 00 00 00 00
+c80: 00 00 00 00 00 00 00 00 00 00 00 00 00 00 00 00
+c90: 00 00 00 00 00 00 00 00 00 00 00 00 00 00 00 00
+ca0: 00 00 00 00 00 00 00 00 00 00 00 00 00 00 00 00
+cb0: 00 00 00 00 00 00 00 00 00 00 00 00 00 00 00 00
+cc0: 00 00 00 00 00 00 00 00 00 00 00 00 00 00 00 00
+cd0: 00 00 00 00 00 00 00 00 00 00 00 00 00 00 00 00
+ce0: 00 00 00 00 00 00 00 00 00 00 00 00 00 00 00 00
+cf0: 00 00 00 00 00 00 00 00 00 00 00 00 00 00 00 00
+d00: 01 84 00 00 00 40 08 40 00 00 00 00 01 00 00 00
+d10: 03 00 00 00 ff 1f 00 00 03 00 00 00 03 04 04 02
+d20: 03 00 04 00 05 00 00 00 06 00 00 00 07 00 00 00
+d30: 08 00 00 00 01 09 04 00 00 00 00 00 00 00 00 00
+d40: 01 84 00 00 00 00 08 41 00 00 00 00 01 00 00 00
+d50: 03 00 00 00 7f 00 00 00 02 00 01 06 00 04 05 00
+d60: 00 00 06 00 00 00 01 00 00 00 00 00 00 00 00 00
+d70: 00 00 00 00 00 00 00 00 00 00 00 00 00 00 00 00
+d80: 01 84 00 00 00 40 08 44 00 00 00 02 00 00 00 00
+d90: 03 00 00 00 0f 00 00 00 00 00 01 02 03 04 00 00
+da0: 01 84 00 00 00 30 08 43 00 00 00 02 00 00 00 00
+db0: 00 00 00 00 03 00 00 00 00 00 00 00 00 00 00 00
+dc0: 01 84 00 00 00 30 08 44 00 00 00 02 00 00 00 00
+dd0: 00 00 00 00 00 00 00 00 00 00 00 00 00 00 00 00
+de0: 00 00 00 00 00 00 00 00 00 00 00 00 00 00 00 00
+df0: 00 00 00 00 00 00 00 00 00 00 00 00 00 00 00 00
-- 
2.20.1

